60.4317 397.227
337.592 133.166
430.995 65.3777
6.69282 470.2
420.882 449.916
499.03 186.407
171.995 259.08
453.667 354.775
468.031 415.698
179.143 354.27
62.6172 97.6279
396.547 404.048
170.766 202.473
215.282 85.3748
137.68 195.56
134.518 188.009
297.039 87.6643
234.934 322.984
295.315 284.026
349.528 396.421
263.774 2.63892
362.853 61.334
101.006 171.777
516.455 293.006
607.602 7.08696
212.165 48.5108
544.946 40.7967
629.274 446.341
228.982 100.533
103.712 342.753
3.02106 70.922
385.405 94.5875
504.597 311.148
165.836 390.882
449.492 299.09
394.822 421.337
271.223 225.677
139.32 144.692
499.524 324.575
385.763 167.373
85.7526 37.8416
140.244 322.58
356.012 2.66266
350.855 354.149
543.031 463.04
116.925 60.9575
635.905 282.701
323.546 114.205
380.285 320.439
283.34 125.785
54.6867 180.212
89.4763 169.849
368.868 314.155
267.166 11.1986
141.107 259.349
163.817 188.803
582.012 381.288
151.127 339.955
630.361 251.63
55.856 405.106
64.8371 410.073
249.361 335.249
277.072 228.265
483.997 151.65
420.018 254.222
633.173 255.358
568.848 371.734
585.153 46.8378
290.275 305.294
462.062 76.6487
302.169 186.89
343.691 8.82022
595.219 374.94
504.334 74.3041
612.71 85.8963
432.693 84.8425
164.81 210.53
446.001 367.998
433.446 409.719
561.417 68.4585
591.601 438.989
363.944 43.1224
61.4062 204.264
612.473 53.8794
66.2795 12.7045
428.454 202.914
38.31 221.191
629.851 280.247
378.684 136.464
524.695 423.205
413.116 248.289
496.075 42.8635
154.735 88.5103
314.798 10.0102
109.902 431.779
247.778 69.9352
61.5495 41.4136
349.268 391.216
19.8074 163.368
231.311 151.551
589.954 97.8783
178.354 186.051
529.279 132.282
241.264 448.838
417.458 244.74
129.628 128.793
411.466 447.307
328.438 450.987
48.2495 389.666
502.341 77.3403
500.189 248.592
582.268 70.2815
21.883 9.79542
181.474 175.409
16.3213 447.026
320.612 187.695
334.357 375.913
57.1354 321.082
589.297 266.007
580.496 241.282
316.856 262.321
120.362 344.014
40.7857 207.315
191.681 364.015
414.198 232.298
400.311 71.9965
182.278 351.992
134.577 189.353
608.506 195.552
636.545 326.682
213.495 116.809
270.942 288.425
76.425 442.601
44.7594 425.14
270.231 284.375
224.627 354.99
366.667 397.448
230.362 285.095
470.314 188.823
507.663 16.3575
634.013 265.912
533.877 455.828
39.354 364.102
142.729 395.377
204.293 417.612
551.413 149.103
492.669 430.195
113.129 251.776
188.01 139.385
496.35 54.0723
83.732 98.9305
332.112 477.426
591.786 235.583
186.145 372.783
346.496 241.167
106.069 178.63
180.52 307.503
280.227 214.621
56.2248 381.231
346.996 467.201
371.479 470.851
32.6879 301.937
517.824 434.351
169.894 454.045
509.514 202.299
135.332 62.4314
436.951 393.832
361.164 179.732
102.372 249.852
201.518 253.374
243.109 215.56
582.893 280.788
237.652 91.0404
465.508 147.019
488.826 379.328
219.127 420.455
127.251 222.027
347.113 197.189
4.17396 312.538
594.998 240.674
460.681 260.096
484.148 250.53
352.739 266.162
0.940933 393.688
553.119 396.071
69.0289 9.5353
119.941 38.912
233.896 197.041
377.888 40.4887
104.406 131.347
144.243 345.366
460.145 235.091
383.106 290.968
294.712 351.514
610.49 289.901
318.379 369.613
570.171 468.423
169.279 74.5486
414.575 385.936
302.934 137.235
